0.0, 0.0, 
0.01, 0.006564652157277019, 
0.02, 0.025771298715668252, 
0.03, 0.05679431667562925, 
0.04, 0.09869288766074137, 
0.05, 0.15042566725222425, 
0.06, 0.21086669669779987, 
0.07, 0.2788226536305415, 
0.08, 0.35305138467695935, 
0.09, 0.43228144143213487, 
0.1, 0.515231991857246, 
0.11, 0.600632448798217, 
0.12, 0.6872408941423774, 
0.13, 0.7738604569464345, 
0.14, 0.8593528485004898, 
0.15, 0.9426485815274461, 
0.16, 1.02275353190636, 
0.17, 1.0987519040006621, 
0.18, 1.1698058829406521, 
0.19, 1.235152486182617, 
0.2, 1.29409828471282, 
0.21, 1.346012693653716, 
0.22, 1.3903205846239564, 
0.23, 1.4264948986031483, 
0.24, 1.4540498633445487, 
0.25, 1.4725353386204372, 
0.26, 1.4815327184629794, 
0.27, 1.4806527410949821, 
0.28, 1.4695355003605468, 
0.29, 1.4478528880669108, 
0.3, 1.4153136499837613, 
0.31, 1.3716711719443004, 
0.32, 1.316734021532576, 
0.33, 1.250379131032416, 
0.34, 1.1725673014328193, 
0.35000000000000003, 1.083360420954385, 
0.36, 0.9829394244753564, 
0.37, 0.8716215934205799, 
0.38, 0.7498753615963741, 
0.39, 0.6183304392843003, 
0.4, 0.4777809058152022, 
0.41000000000000003, 0.3291791274297106, 
0.42, 0.17361888672168432, 
0.43, 0.012307229932362704, 
0.44, -0.15347416035298087, 
0.45, -0.3224156624193425, 
0.46, -0.49323083396227513, 
0.47000000000000003, -0.6647074635077658, 
0.48, -0.8357539871329482, 
0.49, -1.00543736971099, 
0.5, -1.173009819915375, 
0.51, -1.3379232494544575, 
0.52, -1.4998318859297846, 
0.53, -1.6585847100352529, 
0.54, -1.8142099945831687, 
0.55, -1.9668945767479846, 
0.56, -2.1169602741785987, 
0.5700000000000001, -2.2648394527871596, 
0.58, -2.4110511905454586, 
0.59, -2.5561788997421417, 
0.6, -2.70084974332211, 
0.61, -2.845715743755371, 
0.62, -2.9914361483760556, 
0.63, -3.1386603834752336, 
0.64, -3.288010804025122, 
0.65, -3.4400643772441386, 
0.66, -3.5953325793733084, 
0.67, -3.7542388887081812, 
0.68, -3.9170936407486, 
0.6900000000000001, -4.084066508589238, 
0.7000000000000001, -4.255157514977672, 
0.71, -4.430168294011571, 
0.72, -4.608676178142064, 
0.73, -4.790014408739528, 
0.74, -4.97326215423874, 
0.75, -5.15724794478694, 
0.76, -5.34056911294336, 
0.77, -5.521628167020915, 
0.78, -5.698684758814931, 
0.79, -5.869919348119767, 
0.8, -6.033502896977921, 
0.81, -6.187665733889668, 
0.8200000000000001, -6.330759134902023, 
0.8300000000000001, -6.461304593305565, 
0.84, -6.578027989861778, 
0.85, -6.679878314136569, 
0.86, -6.76603263409553, 
0.87, -6.835890409936766, 
0.88, -6.889060822738317, 
0.89, -6.925346703662367, 
0.9, -6.94472808298797, 
0.91, -6.947347565852093, 
0.92, -6.933498851883853, 
0.93, -6.903618880265644, 
0.9400000000000001, -6.858283309226095, 
0.9500000000000001, -6.79820443454142, 
0.96, -6.724230134119406, 
0.97, -6.6373420805643155, 
0.98, -6.53865131816426, 
0.99, -6.429389374928154, 
1.0, -6.310893491819405, 
1.01, -6.1845851510240015, 
1.02, -6.051942040037231, 
1.03, -5.914464569947375, 
1.04, -5.773639031190545, 
1.05, -5.630900131375561, 
1.06, -5.487595966433041, 
1.07, -5.344958206757043, 
1.08, -5.204079789839301, 
1.09, -5.065901212921076, 
1.1, -4.931205796759162, 
1.11, -4.800623167255558, 
1.12, -4.674639594669169, 
1.1300000000000001, -4.553613415850482, 
1.1400000000000001, -4.437793731336251, 
1.1500000000000001, -4.327340566236661, 
1.16, -4.222345142875872, 
1.17, -4.122849111058663, 
1.18, -4.028862050232752, 
1.19, -3.9403767544505564, 
1.2, -3.8573821705344358, 
1.21, -3.779873983270192, 
1.22, -3.7078629891052475, 
1.23, -3.6413814696999025, 
1.24, -3.580487823208776, 
1.25, -3.5252697090386054, 
1.26, -3.475845968145601, 
1.27, -3.432367558976548, 
1.28, -3.395017730471471, 
1.29, -3.3640116316962505, 
1.3, -3.339595534399054, 
1.31, -3.322045823296135, 
1.32, -3.3116678743553494, 
1.33, -3.3087949663921283, 
1.34, -3.313787205191099, 
1.35, -3.327030606350774, 
1.36, -3.3489362161888754, 
1.37, -3.379939224615341, 
1.3800000000000001, -3.4204978671541375, 
1.3900000000000001, -3.4710918121887655, 
1.4000000000000001, -3.5322195806008607, 
1.41, -3.6043943681340758, 
1.42, -3.6881374298001273, 
1.43, -3.783967970988767, 
1.44, -3.8923883075598527, 
1.45, -4.013862893632055, 
1.46, -4.148789880576211, 
1.47, -4.297464171405279, 
1.48, -4.460031690567637, 
1.49, -4.636435929580582, 
1.5, -4.826359853205205, 
1.51, -5.029168847156147, 
1.52, -5.243863153970814, 
1.53, -5.4690503192196935, 
1.54, -5.702948740724632, 
1.55, -5.943430608630928, 
1.56, -6.188107224520269, 
1.57, -6.434451254592918, 
1.58, -6.679941876681725, 
1.59, -6.922213136133059, 
1.6, -7.159184343713559, 
1.61, -7.389155721825097, 
1.62, -7.610860333729011, 
1.6300000000000001, -7.823472219018622, 
1.6400000000000001, -8.026577866843704, 
1.6500000000000001, -8.220122050052804, 
1.6600000000000001, -8.404339842058537, 
1.67, -8.579684956921653, 
1.68, -8.746761780827207, 
1.69, -8.90626550981353, 
1.7, -9.058932301439846, 
1.71, -9.20549967802158, 
1.72, -9.346676267157235, 
1.73, -9.48311947697031, 
1.74, -9.615419575773743, 
1.75, -9.744088745833793, 
1.76, -9.869553901837735, 
1.77, -9.992152336087646, 
1.78, -10.11212950463085, 
1.79, -10.22963856861565, 
1.8, -10.34474141878014, 
1.81, -10.45741114361816, 
1.82, -10.567535970825729, 
1.83, -10.674924772832224, 
1.84, -10.779314235940275, 
1.85, -10.880377747473421, 
1.86, -10.977735979983317, 
1.87, -11.070969045983212, 
1.8800000000000001, -11.159629979551378, 
1.8900000000000001, -11.243259191369848, 
1.9000000000000001, -11.3213994522239, 
1.9100000000000001, -11.39361087838979, 
1.92, -11.459485408582324, 
1.93, -11.518660286847174, 
1.94, -11.570830040763529, 
1.95, -11.61575668033744, 
1.96, -11.653277807360048, 
1.97, -11.683312533546825, 
1.98, -11.705865155232228, 
1.99, -11.721026643877648, 
2.0, -11.72897407375296, 
2.0100000000000002, -11.72996816079648, 
2.02, -11.724349124163686, 
2.0300000000000002, -11.712531102715912, 
2.04, -11.694995376492763, 
2.05, -11.672282653891752, 
2.06, -11.64498469337699, 
2.07, -11.613735532527038, 
2.08, -11.579202601233442, 
2.09, -11.542077982040471, 
2.1, -11.503070071144835, 
2.11, -11.462895862228077, 
2.12, -11.422274037787888, 
2.13, -11.381919003400437, 
2.14, -11.342535943737769, 
2.15, -11.304816916956984, 
2.16, -11.269437946203164, 
2.17, -11.23705700791218, 
2.18, -11.208312766232227, 
2.19, -11.183823862680285, 
2.2, -11.164188534910444, 
2.21, -11.14998433605746, 
2.22, -11.141767673135766, 
2.23, -11.140072929306292, 
2.24, -11.145410891266518, 
2.25, -11.158266238707716, 
2.2600000000000002, -11.17909385276763, 
2.27, -11.208313729328593, 
2.2800000000000002, -11.246304320742539, 
2.29, -11.293394189692124, 
2.3000000000000003, -11.349851950818982, 
2.31, -11.41587460742664, 
2.32, -11.491574571278841, 
2.33, -11.576965885629068, 
2.34, -11.671950448631513, 
2.35, -11.776305334143526, 
2.36, -11.889672587264405, 
2.37, -12.011553092587459, 
2.38, -12.141306100343863, 
2.39, -12.278155924974659, 
2.4, -12.421206757534517, 
2.41, -12.56946586831164, 
2.42, -12.721874506410087, 
2.43, -12.87734478923845, 
2.44, -13.0348000005028, 
2.45, -13.193215151186074, 
2.46, -13.35165455137821, 
2.47, -13.509303523324428, 
2.48, -13.665492170620855, 
2.49, -13.819710149505585, 
2.5, -13.971612395813631, 
2.5100000000000002, -14.121016750303164, 
2.52, -14.267894953642585, 
2.5300000000000002, -14.412358719660151, 
2.54, -14.554642886366123, 
2.5500000000000003, -14.695087059062342, 
2.56, -14.8341171364529, 
2.57, -14.972227510059996, 
2.58, -15.109964433358245, 
2.59, -15.247910647727974, 
2.6, -15.386671071688124, 
2.61, -15.52685912430188, 
2.62, -15.669083031016703, 
2.63, -15.81393144049101, 
2.64, -15.961957527035697, 
2.65, -16.113660853511362, 
2.66, -16.269466385548228, 
2.67, -16.429700310273297, 
2.68, -16.59456274999974, 
2.69, -16.76409805743769, 
2.7, -16.938164177292265, 
2.71, -17.116403423201703, 
2.72, -17.298217916905053, 
2.73, -17.482753547347542, 
2.74, -17.66889643503438, 
2.75, -17.855285305317487, 
2.7600000000000002, -18.04034160312743, 
2.77, -18.222317045007642, 
2.7800000000000002, -18.39935552607082, 
2.79, -18.56956399460351, 
2.8000000000000003, -18.731085274543645, 
2.81, -18.882165612863073, 
2.82, -19.02121084624018, 
2.83, -19.146827268598404, 
2.84, -19.257845906546464, 
2.85, -19.353331344352643, 
2.86, -19.432578000289592, 
2.87, -19.49509771733246, 
2.88, -19.54060257210845, 
2.89, -19.568986529592546, 
2.9, -19.580308466309717, 
2.91, -19.5747784864067, 
2.92, -19.552748315169215, 
2.93, -19.5147058413487, 
2.94, -19.46127315117153, 
2.95, -19.393206822827146, 
2.96, -19.31139877453066, 
2.97, -19.216875695258285, 
2.98, -19.110794963511207, 
2.99, -18.994435141143736, 
3.0, -18.86917963221292, 
3.0100000000000002, -18.73649280920093, 
3.02, -18.59788919573122, 
3.0300000000000002, -18.45489693728989, 
3.04, -18.30901834801093, 
3.0500000000000003, -18.16169051195392, 
3.06, -18.01424934253342, 
3.0700000000000003, -17.86789999514091, 
3.08, -17.723695768943266, 
3.09, -17.582526521289854, 
3.1, -17.445116506449924, 
3.11, -17.312030631652014, 
3.12, -17.183687439361158, 
3.13, -17.06037684883451, 
3.14, -16.942280661046503, 
3.15, -16.829494064635014, 
3.16, -16.722046723550946, 
3.17, -16.61992241627353, 
3.18, -16.523076573318797, 
3.19, -16.43145137248742, 
3.2, -16.34498829828355, 
3.21, -16.263638248001232, 
3.22, -16.187369362139474, 
3.23, -16.11617284231289, 
3.24, -16.05006701916876, 
3.25, -15.989099947622478, 
3.2600000000000002, -15.933350788139776, 
3.27, -15.882930210846883, 
3.2800000000000002, -15.837980038702144, 
3.29, -15.798672322137755, 
3.3000000000000003, -15.765208018532611, 
3.31, -15.737815432203877, 
3.3200000000000003, -15.716748555545317, 
3.33, -15.70228543734683, 
3.34, -15.694726688313288, 
3.35, -15.694394215313348, 
3.36, -15.70163025238386, 
3.37, -15.716796720759847, 
3.38, -15.740274910689388, 
3.39, -15.772465414278281, 
3.4, -15.813788161396792, 
3.41, -15.864682307636436, 
3.42, -15.92560559198759, 
3.43, -15.99703261713875, 
3.44, -16.079451328393457, 
3.45, -16.173356695615755, 
3.46, -16.27924045939022, 
3.47, -16.397575525951613, 
3.48, -16.528793522112466, 
3.49, -16.67325410955015, 
3.5, -16.831205065231902, 
3.5100000000000002, -17.002733031782608, 
3.52, -17.187706471940366, 
3.5300000000000002, -17.385714559160085, 
3.54, -17.59600865453878, 
3.5500000000000003, -17.817455817156585, 
3.56, -18.048515717804094, 
3.5700000000000003, -18.287252177951316, 
3.58, -18.531387066128353, 
3.59, -18.77839752281794, 
3.6, -19.025648585180775, 
3.61, -19.27054456169309, 
3.62, -19.510677803407845, 
3.63, -19.743953562805075, 
3.64, -19.968675532034815, 
3.65, -20.183585499055088, 
3.66, -20.387859560847076, 
3.67, -20.58106993706477, 
3.68, -20.763124349631255, 
3.69, -20.93419517211992, 
3.7, -21.094647747919684, 
3.71, -21.244974704854606, 
3.72, -21.38573993970084, 
3.73, -21.517533589824083, 
3.74, -21.640937796706265, 
3.75, -21.75650211858949, 
3.7600000000000002, -21.86472706025872, 
3.77, -21.966054148236175, 
3.7800000000000002, -22.060861051988926, 
3.79, -22.149460537521204, 
3.8000000000000003, -22.23210220006168, 
3.81, -22.30897618303862, 
3.8200000000000003, -22.38021826341828, 
3.83, -22.44591581525988, 
3.84, -22.506114311366275, 
3.85, -22.560824071386087, 
3.86, -22.610027037911617, 
3.87, -22.653683412277314, 
3.88, -22.691737999485255, 
3.89, -22.72412613634847, 
3.9, -22.75077909750408, 
3.91, -22.771628881579986, 
3.92, -22.78661230170209, 
3.93, -22.795674317848594, 
3.94, -22.798770565082645, 
3.95, -22.795869051885376, 
3.96, -22.786951023309292, 
3.97, -22.77201100376638, 
3.98, -22.75105605824192, 
3.99, -22.72410433042432, 
4.0, -22.69118293884436, 
4.01, -22.65232533170646, 
4.0200000000000005, -22.60756822078396, 
4.03, -22.55694823339623, 
4.04, -22.500498439469904, 
4.05, -22.43824492834019, 
4.0600000000000005, -22.370203628560056, 
4.07, -22.296377585346193, 
4.08, -22.216754932132332, 
4.09, -22.131307819285784, 
4.1, -22.039992592911403, 
4.11, -21.942751544587615, 
4.12, -21.839516587748808, 
4.13, -21.730215234808835, 
4.14, -21.614779235075563, 
4.15, -21.493156236572666, 
4.16, -21.365324721411945, 
4.17, -21.231312313943768, 
4.18, -21.091217303034323, 
4.19, -20.9452328362399, 
4.2, -20.793672744624487, 
4.21, -20.636997374163453, 
4.22, -20.475837137801836, 
4.23, -20.311011060693318, 
4.24, -20.143537221975716, 
4.25, -19.97463222015492, 
4.26, -19.80569748958447, 
4.2700000000000005, -19.638291595396904, 
4.28, -19.47408939608806, 
4.29, -19.314830813039062, 
4.3, -19.16226363551032, 
4.3100000000000005, -19.018085575827367, 
4.32, -18.88389082531418, 
4.33, -18.76112550126773, 
4.34, -18.65105466669521, 
4.3500000000000005, -18.55474179406657, 
4.36, -18.47303985220852, 
4.37, -18.406591930751908, 
4.38, -18.3558386401267, 
4.39, -18.321029427058225, 
4.4, -18.302235254929627, 
4.41, -18.299360689174264, 
4.42, -18.312154132699366, 
4.43, -18.340215679705462, 
4.44, -18.38300272221115, 
4.45, -18.439834010433785, 
4.46, -18.50989332082655, 
4.47, -18.59223416484488, 
4.48, -18.68578708062576, 
4.49, -18.789370929597965, 
4.5, -18.901709244474155, 
4.51, -19.021452097449867, 
4.5200000000000005, -19.147203147801804, 
4.53, -19.277550764158473, 
4.54, -19.411101347183607, 
4.55, -19.54651248055687, 
4.5600000000000005, -19.68252340865927, 
4.57, -19.81798056675388, 
4.58, -19.9518564527236, 
4.59, -20.08326091017877, 
4.6000000000000005, -20.21144471193612, 
4.61, -20.335796091203008, 
4.62, -20.45583139892338, 
4.63, -20.571181375621325, 
4.64, -20.68157460203034, 
4.65, -20.78681958782341, 
4.66, -20.886786730637922, 
4.67, -20.981391087295023, 
4.68, -21.07057661055617, 
4.69, -21.154302248151318, 
4.7, -21.2325300779409, 
4.71, -21.30521549285793, 
4.72, -21.372299335291736, 
4.73, -21.43370180928267, 
4.74, -21.489317960013214, 
4.75, -21.539014494677552, 
4.76, -21.582627719123973, 
4.7700000000000005, -21.619962377395616, 
4.78, -21.650791196949054, 
4.79, -21.67485495668037, 
4.8, -21.69186293790502, 
4.8100000000000005, -21.70149361507071, 
4.82, -21.70339550452804, 
4.83, -21.697188112958187, 
4.84, -21.682462972928562, 
4.8500000000000005, -21.658784831561324, 
4.86, -21.62569312707018, 
4.87, -21.58270400350608, 
4.88, -21.5293132387846, 
4.89, -21.465000628581222, 
4.9, -21.389236555310283, 
4.91, -21.3014916668375, 
4.92, -21.201250779888817, 
4.93, -21.08803229035752, 
4.94, -20.961414339820262, 
4.95, -20.821068733791922, 
4.96, -20.66680310910116, 
4.97, -20.498610609844324, 
4.98, -20.316724631236774, 
4.99, -20.12167390892779, 
5.0, -19.914330573846865, 
5.01, -19.695941551572247, 
5.0200000000000005, -19.46813308888567, 
5.03, -19.232879279621404, 
5.04, -18.992430428339443, 
5.05, -18.74920402477641, 
5.0600000000000005, -18.5056493535457, 
5.07, -18.26410324421743, 
5.08, -18.026657065314375, 
5.09, -17.79505259844686, 
5.1000000000000005, -17.57061786539397, 
5.11, -17.35424563378302, 
5.12, -17.146409917703977, 
5.13, -16.94721094301651, 
5.14, -16.75643733595952, 
5.15, -16.573635359563543, 
5.16, -16.398177098532866, 
5.17, -16.229322603276337, 
5.18, -16.066273277586664, 
5.19, -15.908215962932609, 
5.2, -15.754358231701831, 
5.21, -15.603956155237544, 
5.22, -15.456336052529133, 
5.23, -15.310911615159204, 
5.24, -15.167197630306745, 
5.25, -15.024821156049905, 
5.26, -14.883530676415845, 
5.2700000000000005, -14.743203393683562, 
5.28, -14.603850501469108, 
5.29, -14.465620015980278, 
5.3, -14.328796573795685, 
5.3100000000000005, -14.193797531807242, 
5.32, -14.06116478018062, 
5.33, -13.931551884872082, 
5.34, -13.805706498912208, 
5.3500000000000005, -13.684448394748337, 
5.36, -13.568643902305944, 
5.37, -13.459177923171525, 
5.38, -13.356924956558094, 
5.39, -13.262720672569074, 
5.4, -13.177335484593156, 
5.41, -13.101451325900898, 
5.42, -13.035642476342645, 
5.43, -12.980360881801403, 
5.44, -12.935926021227031, 
5.45, -12.902519079723271, 
5.46, -12.880180979430849, 
5.47, -12.868813714613925, 
5.48, -12.86818445680744, 
5.49, -12.877931958412018, 
5.5, -12.897574881144598, 
5.51, -12.926521783002393, 
5.5200000000000005, -12.964082572142342, 
5.53, -13.0094812701514, 
5.54, -13.061869918176098, 
5.55, -13.120343402606384, 
5.5600000000000005, -13.183954889832847, 
5.57, -13.251731465142214, 
5.58, -13.322689490212603, 
5.59, -13.395849142728236, 
5.6000000000000005, -13.470247601824637, 
5.61, -13.544950397301557, 
5.62, -13.619060546473303, 
5.63, -13.691725244441386, 
5.64, -13.762140032778456, 
5.65, -13.829550540226453, 
5.66, -13.893252029441063, 
5.67, -13.952587097372426, 
5.68, -14.006941949581742, 
5.69, -14.055741697228907, 
5.7, -14.09844516078579, 
5.71, -14.134539595232516, 
5.72, -14.163535748494985, 
5.73, -14.184963606249362, 
5.74, -14.198369138689417, 
5.75, -14.203312325684129, 
5.76, -14.199366712557277, 
5.7700000000000005, -14.186120732615505, 
5.78, -14.163181023911672, 
5.79, -14.1301779594171, 
5.8, -14.086773591588752, 
5.8100000000000005, -14.032672169722831, 
5.82, -13.967633305582124, 
5.83, -13.891487704273345, 
5.84, -13.804155156282171, 
5.8500000000000005, -13.705664170658308, 
5.86, -13.596172085808323, 
5.87, -13.475984274757055, 
5.88, -13.34557023186329, 
5.89, -13.205574100841346, 
5.9, -13.056817084758817, 
5.91, -12.900289324324506, 
5.92, -12.737129714511397, 
5.93, -12.56859317067935, 
5.94, -12.396006717081555, 
5.95, -12.22071728713915, 
5.96, -12.044035709967117, 
5.97, -11.867181898832548, 
5.98, -11.691236315660188, 
5.99, -11.517101790326112, 
6.0, -11.345478120443238, 
6.01, -11.176850226823811, 
6.0200000000000005, -11.011488907869055, 
6.03, -10.849462064456427, 
6.04, -10.690653627660607, 
6.05, -10.53478733539804, 
6.0600000000000005, -10.381452778302343, 
6.07, -10.230131732535847, 
6.08, -10.080223415513727, 
6.09, -9.931068008281871, 
6.1000000000000005, -9.781968277540244, 
6.11, -9.632209625305876, 
6.12, -9.481079211791023, 
6.13, -9.327885004050385, 
6.140000000000001, -9.171975700664296, 
6.15, -9.012762455006818, 
6.16, -8.84974314880391, 
6.17, -8.682529657977755, 
6.18, -8.51087800379035, 
6.19, -8.334720578650492, 
6.2, -8.154198689083616, 
6.21, -7.969692682996254, 
6.22, -7.781845975653683, 
6.23, -7.591578673636054, 
6.24, -7.400086565379504, 
6.25, -7.208822163339606, 
6.26, -7.0194564099426024, 
6.2700000000000005, -6.833822332506472, 
6.28, -6.653844886080803, 
6.29, -6.481463632605022, 
6.3, -6.318556206197612, 
6.3100000000000005, -6.166870211424738, 
6.32, -6.027969484585564, 
6.33, -5.903197863789622, 
6.34, -5.793660889650044, 
6.3500000000000005, -5.700223160020019, 
6.36, -5.623517690947333, 
6.37, -5.563962846075885, 
6.38, -5.521782650806578, 
6.390000000000001, -5.497026991270579, 
6.4, -5.489589143990746, 
6.41, -5.499219093953594, 
6.42, -5.525532024252848, 
6.43, -5.568012163947019, 
6.44, -5.626012867886442, 
6.45, -5.698754360690406, 
6.46, -5.785321032744818, 
6.47, -5.884660466742051, 
6.48, -5.995586465365614, 
6.49, -6.116788144723953, 
6.5, -6.246846623227285, 
6.51, -6.3842599513972, 
6.5200000000000005, -6.527475782908183, 
6.53, -6.674930063364693, 
6.54, -6.8250889328103925, 
6.55, -6.976490359874964, 
6.5600000000000005, -7.127781879782597, 
6.57, -7.2777512908488315, 
6.58, -7.4253481055424615, 
6.59, -7.569694727958119, 
6.6000000000000005, -7.7100876088633195, 
6.61, -7.845989584033175, 
6.62, -7.977015280610758, 
6.63, -8.102911788948882, 
6.640000000000001, -8.223536576308236, 
6.65, -8.338834920102958, 
6.66, -8.448817672089309, 
6.67, -8.553541001369046, 
6.68, -8.653088369932924, 
6.69, -8.74755519136004, 
6.7, -8.837036184334348, 
6.71, -8.921615306899973, 
6.72, -9.001358049027306, 
6.73, -9.076305805988508, 
6.74, -9.146472037141447, 
6.75, -9.211839929916202, 
6.76, -9.272361302092682, 
6.7700000000000005, -9.327956503988952, 
6.78, -9.378515105210278, 
6.79, -9.423897183566448, 
6.8, -9.463935045364515, 
6.8100000000000005, -9.498435221239479, 
6.82, -9.527180619560108, 
6.83, -9.549932672013531, 
6.84, -9.566433390810834, 
6.8500000000000005, -9.576407209898374, 
6.86, -9.579562513044324, 
6.87, -9.575592774472675, 
6.88, -9.564177243589748, 
6.890000000000001, -9.54498116330882, 
6.9, -9.517655516196285, 
6.91, -9.481836388817845, 
6.92, -9.437144087663178, 
6.93, -9.383182257931685, 
6.94, -9.319537367826467, 
6.95, -9.245779078810264, 
6.96, -9.161462201042024, 
6.97, -9.066131142317431, 
6.98, -8.959327987647638, 
6.99, -8.840605564082999, 
7.0, -8.709546944419401, 
7.01, -8.565792892434509, 
7.0200000000000005, -8.409078416002565, 
7.03, -8.239278879471266, 
7.04, -8.056464796813144, 
7.05, -7.860962403029486, 
7.0600000000000005, -7.65341443059959, 
7.07, -7.434832624933684, 
7.08, -7.206631133885041, 
7.09, -6.970629426563647, 
7.1000000000000005, -6.729015291684726, 
7.11, -6.4842643945982905, 
7.12, -6.239020937634436, 
7.13, -5.995953021387459, 
7.140000000000001, -5.7576026590924, 
7.15, -5.526252121321994, 
7.16, -5.30382426830437, 
7.17, -5.091826719605959, 
7.18, -4.891340402428381, 
7.19, -4.7030456070212, 
7.2, -4.527274359052743, 
7.21, -4.364077107562503, 
7.22, -4.213293063040345, 
7.23, -4.0746167963357856, 
7.24, -3.947656269750643, 
7.25, -3.8319803286870626, 
7.26, -3.727155383792945, 
7.2700000000000005, -3.6327721808913482, 
7.28, -3.548464098125074, 
7.29, -3.47391861179629, 
7.3, -3.408883483810885, 
7.3100000000000005, -3.3531690495622577, 
7.32, -3.306647792220499, 
7.33, -3.2692520815297366, 
7.34, -3.240970969608588, 
7.3500000000000005, -3.221846345539293, 
7.36, -3.2119691294235415, 
7.37, -3.2114756285114274, 
7.38, -3.2205442763225887, 
7.390000000000001, -3.239392821059029, 
7.4, -3.2682759142109767, 
7.41, -3.3074829375069053, 
7.42, -3.357335768700949, 
7.43, -3.418186036155117, 
7.44, -3.4904112063854487, 
7.45, -3.574408673029135, 
7.46, -3.6705867623031567, 
7.47, -3.779351361901578, 
7.48, -3.90108672806664, 
7.49, -4.036128991599071, 
7.5, -4.184731098383687, 
7.51, -4.347018581665356, 
7.5200000000000005, -4.522936667059593, 
7.53, -4.712191186752458, 
7.54, -4.914188212951931, 
7.55, -5.12798021270204, 
7.5600000000000005, -5.352229042840796, 
7.57, -5.585197067364438, 
7.58, -5.82477644780722, 
7.59, -6.068561157590504, 
7.6000000000000005, -6.313959214865517, 
7.61, -6.55833315875478, 
7.62, -6.79914997646208, 
7.63, -7.034118902002437, 
7.640000000000001, -7.261298324644962, 
7.65, -7.479160320303049, 
7.66, -7.686610383891667, 
7.67, -7.882967885511189, 
7.68, -8.067917775272432, 
7.69, -8.241445492805555, 
7.7, -8.403766260916125, 
7.71, -8.555256631851154, 
7.72, -8.696393853535463, 
7.73, -8.827705466410427, 
7.74, -8.949729788367414, 
7.75, -9.062986593769297, 
7.76, -9.167956721429375, 
7.7700000000000005, -9.265068995725366, 
7.78, -9.354692944232964, 
7.79, -9.437135980821317, 
7.8, -9.512643751907694, 
7.8100000000000005, -9.581402895485633, 
7.82, -9.643545323771676, 
7.83, -9.699153502121865, 
7.84, -9.748266275389657, 
7.8500000000000005, -9.790884881870259, 
7.86, -9.826978896419972, 
7.87, -9.856491882992241, 
7.88, -9.879346587554963, 
7.890000000000001, -9.895449534456965, 
7.9, -9.904694914686008, 
7.91, -9.906967691700272, 
7.92, -9.902145858325651, 
7.930000000000001, -9.890101816776214, 
7.94, -9.87070288128342, 
7.95, -9.843810933410202, 
7.96, -9.809281300237753, 
7.97, -9.766960969565165, 
7.98, -9.71668631018683, 
7.99, -9.65828052732301, 
8.0, -9.59155115982178, 
8.01, -9.516288015358096, 
8.02, -9.432262046784386, 
8.03, -9.339225804999987, 
8.040000000000001, -9.23691618065818, 
8.05, -9.125060445794169, 
8.06, -9.003386506761531, 
8.07, -8.871638535291899, 
8.08, -8.729598986119495, 
8.09, -8.577117947688992, 
8.1, -8.41415005239571, 
8.11, -8.240798519908656, 
8.120000000000001, -8.057364407345279, 
8.13, -7.864397455664114, 
8.14, -7.6627429679890815, 
8.15, -7.453577302868506, 
8.16, -7.238423722401087, 
8.17, -7.019140998226585, 
8.18, -6.797880016053922, 
8.19, -6.577008524618655, 
8.2, -6.3590102093062075, 
8.21, -6.146369783402758, 
8.22, -5.941459028305026, 
8.23, -5.746438480672513, 
8.24, -5.563185890371854, 
8.25, -5.3932568414886575, 
8.26, -5.237876946296487, 
8.27, -5.097960332596369, 
8.28, -4.974146569166911, 
8.290000000000001, -4.866847689643282, 
8.3, -4.7762980256050165, 
8.31, -4.702601451325559, 
8.32, -4.645772479222646, 
8.33, -4.605769381783598, 
8.34, -4.582518694293039, 
8.35, -4.575931201423226, 
8.36, -4.585909846011601, 
8.370000000000001, -4.612350125945973, 
8.38, -4.655133498113742, 
8.39, -4.714114305315298, 
8.4, -4.789100425836522, 
8.41, -4.879828643669053, 
8.42, -4.9859354032563825, 
8.43, -5.106924674003062, 
8.44, -5.242135405896431, 
8.45, -5.390712071103781, 
8.46, -5.551582668334553, 
8.47, -5.723449151887602, 
8.48, -5.904794893654973, 
8.49, -6.09391251540586, 
8.5, -6.288952848467958, 
8.51, -6.487992502105748, 
8.52, -6.689114048450862, 
8.53, -6.890490222036184, 
8.540000000000001, -7.090462509214855, 
8.55, -7.2876054871215326, 
8.56, -7.480770860555702, 
8.57, -7.669108730587152, 
8.58, -7.8520670767114895, 
8.59, -8.029373097818219, 
8.6, -8.201001542643288, 
8.61, -8.367135339548136, 
8.620000000000001, -8.52812339096662, 
8.63, -8.684439058755608, 
8.64, -8.83664181099691, 
8.65, -8.985343283593432, 
8.66, -9.131178106459434, 
8.67, -9.274779241555743, 
8.68, -9.41675717541717, 
8.69, -9.557682151451552, 
8.700000000000001, -9.698068588506201, 
8.71, -9.838360933280155, 
8.72, -9.978920369933073, 
8.73, -10.120012022187929, 
8.74, -10.261792595187684, 
8.75, -10.404298664167145, 
8.76, -10.547436150192949, 
8.77, -10.690971802740105, 
8.78, -10.834527721303049, 
8.790000000000001, -10.977580053027161, 
8.8, -11.119462963588157, 
8.81, -11.259378715647564, 
8.82, -11.396414284028074, 
8.83, -11.529564327462554, 
8.84, -11.657759686054334, 
8.85, -11.779899940509841, 
8.86, -11.894888079529398, 
8.870000000000001, -12.001665143933891, 
8.88, -12.099242689509175, 
8.89, -12.186731336183792, 
8.9, -12.263364159697687, 
8.91, -12.328514305911717, 
8.92, -12.381706837359939, 
8.93, -12.42262524530847, 
8.94, -12.451113403806291, 
8.950000000000001, -12.46717384638112, 
8.96, -12.470963207962352, 
8.97, -12.462785520889293, 
8.98, -12.44308384118256, 
8.99, -12.412430459062927, 
9.0, -12.371515763453885, 
9.01, -12.321135711129521, 
9.02, -12.262177817295315, 
9.03, -12.195605641049037, 
9.040000000000001, -12.122441867600523, 
9.05, -12.043750276600825, 
9.06, -11.960617079498151, 
9.07, -11.874132285626795, 
9.08, -11.785371874726517, 
9.09, -11.695381579843588, 
9.1, -11.605163023840387, 
9.11, -11.515662790510802, 
9.120000000000001, -11.427764792520618, 
9.13, -11.342286065010375, 
9.14, -11.259975844040778, 
9.15, -11.18151759318092, 
9.16, -11.10753348064035, 
9.17, -11.038590718713573, 
9.18, -10.975209149811517, 
9.19, -10.917869473475779, 
9.200000000000001, -10.867021596296022, 
9.21, -10.82309262702526, 
9.22, -10.786494151139966, 
9.23, -10.757628477034736, 
9.24, -10.736893661811981, 
9.25, -10.724687072836081, 
9.26, -10.721407387577088, 
9.27, -10.727454827222116, 
9.28, -10.743229478288487, 
9.290000000000001, -10.769127495676742, 
9.3, -10.805534944877948, 
9.31, -10.852819029629691, 
9.32, -10.911316426442943, 
9.33, -10.981318502140912, 
9.34, -11.0630532980256, 
9.35, -11.156664389001179, 
9.36, -11.262187087576661, 
9.370000000000001, -11.379522955710483, 
9.38, -11.50841430665866, 
9.39, -11.648420999217317, 
9.4, -11.798902624758261, 
9.41, -11.959009595725247, 
9.42, -12.12768656844478, 
9.43, -12.303691012331958, 
9.44, -12.485628134956697, 
9.450000000000001, -12.672001305593565, 
9.46, -12.861274604513822, 
9.47, -13.05194198740061, 
9.48, -13.242596181384453, 
9.49, -13.431990386231623, 
9.5, -13.619086966948586, 
9.51, -13.80308959423512, 
9.52, -13.983457733206532, 
9.53, -14.159904743770532, 
9.540000000000001, -14.33238256821065, 
9.55, -14.501056777690831, 
9.56, -14.666275854447212, 
9.57, -14.828538045733353, 
9.58, -14.98845834025081, 
9.59, -15.146737149650024, 
9.6, -15.304131404810173, 
9.61, -15.461428101052185, 
9.620000000000001, -15.619419733211156, 
9.63, -15.77888076536963, 
9.64, -15.940544042332007, 
9.65, -16.105076064778242, 
9.66, -16.27305021633739, 
9.67, -16.444917358052773, 
9.68, -16.620973860774942, 
9.69, -16.80132781755419, 
9.700000000000001, -16.98586529546648, 
9.71, -17.17421950918375, 
9.72, -17.365746798380805, 
9.73, -17.559513944146826, 
9.74, -17.75430117542273, 
9.75, -17.94862422424592, 
9.76, -18.14077654861233, 
9.77, -18.32889008316471, 
9.78, -18.511009661440117, 
9.790000000000001, -18.68517383496982, 
9.8, -18.849493671932386, 
9.81, -19.002221625803458, 
9.82, -19.141804610159596, 
9.83, -19.266918385892424, 
9.84, -19.376483387099942, 
9.85, -19.469664624094687, 
9.86, -19.545859795415, 
9.870000000000001, -19.604680233512525, 
9.88, -19.645929075563448, 
9.89, -19.66958013306534, 
9.9, -19.675759961455885, 
9.91, -19.664734619775217, 
9.92, -19.636901619185107, 
9.93, -19.592786785538316, 
9.94, -19.53304507998193, 
9.950000000000001, -19.458463866272105, 
9.96, -19.369966631759024, 
9.97, -19.268614920266177, 
9.98, -19.15560607966803, 
9.99, -19.032264668531376, 
10.0, -18.90002590042957, 
10.01, -18.7604104321085, 
10.02, -18.61499100333825, 
10.03, -18.46535269518932, 
10.040000000000001, -18.313049757022174, 
10.05, -18.159562650886983, 
10.06, -18.006259106769374, 
10.07, -17.854362492866432, 
10.08, -17.704929806012835, 
10.09, -17.558840311822415, 
10.1, -17.416794591144185, 
10.11, -17.279322653587002, 
10.120000000000001, -17.146799235120085, 
10.13, -17.01946385255417, 
10.14, -16.897443555089698, 
10.15, -16.78077634257811, 
10.16, -16.669433810458322, 
10.17, -16.56334195457543, 
10.18, -16.462399507877304, 
10.19, -16.366493526925023, 
10.200000000000001, -16.275512181741572, 
10.21, -16.189354895122612, 
10.22, -16.107940067971356, 
10.23, -16.031210684617356, 
10.24, -15.95913809755905, 
10.25, -15.89172428625323, 
10.26, -15.829002859279907, 
10.27, -15.77103903988568, 
10.28, -15.717928847864156, 
10.290000000000001, -15.669797662928582, 
10.3, -15.626798335149862, 
10.31, -15.58910899090593, 
10.32, -15.556930668682961, 
10.33, -15.530484911209463, 
10.34, -15.510011435949124, 
10.35, -15.495765992652718, 
10.36, -15.488018505672207, 
10.370000000000001, -15.487051606389953, 
10.38, -15.493159621136174, 
10.39, -15.506648071337462, 
10.4, -15.527833710559182, 
10.41, -15.557045073066128, 
10.42, -15.59462347015187, 
10.43, -15.640924275304407, 
10.44, -15.696318266223358, 
10.450000000000001, -15.761192663416907, 
10.46, -15.835951363426512, 
10.47, -15.921013686532087, 
10.48, -16.016810765733123, 
10.49, -16.123778543794735, 
10.5, -16.242345880393774, 
10.51, -16.372916552052317, 
10.52, -16.515843647129728, 
10.53, -16.671394937870502, 
10.540000000000001, -16.839708845319922, 
10.55, -17.020741511809753, 
10.56, -17.21420746131488, 
10.57, -17.419518812305398, 
10.58, -17.635730923190742, 
10.59, -17.86150466273808, 
10.6, -18.095096658739873, 
10.61, -18.334387225959922, 
10.620000000000001, -18.576950870802026, 
10.63, -18.820166434920964, 
10.64, -19.06135538913919, 
10.65, -19.297929592285666, 
10.66, -19.527527325419324, 
10.67, -19.748119114504675, 
10.68, -19.958072064562554, 
10.69, -20.156170274744888, 
10.700000000000001, -20.34159672684209, 
10.71, -20.513886929925945, 
10.72, -20.67286614338202, 
10.73, -20.818580773527835, 
10.74, -20.951232214057324, 
10.75, -21.071118047984783, 
10.76, -21.178583290035604, 
10.77, -21.27398214160055, 
10.78, -21.357649603656416, 
10.790000000000001, -21.4298816144901, 
10.8, -21.49092211840377, 
10.81, -21.54095552117556, 
10.82, -21.58010313031911, 
10.83, -21.608422420907498, 
10.84, -21.625908204372145, 
10.85, -21.63249501579037, 
10.86, -21.628060253925664, 
10.870000000000001, -21.61242781841077, 
10.88, -21.585372177585217, 
10.89, -21.546623009193922, 
10.9, -21.495870766819067, 
10.91, -21.432773721809497, 
10.92, -21.356967285163098, 
10.93, -21.268076634047652, 
10.94, -21.16573384784751, 
10.950000000000001, -21.049600895076757, 
10.96, -20.919399727990445, 
10.97, -20.774950393409846, 
10.98, -20.616217284776873, 
10.99, -20.4433622765655, 
11.0, -20.25680150233819, 
11.01, -20.05726002431144, 
11.02, -19.84581604875626, 
11.03, -19.62392463420297, 
11.040000000000001, -19.393410502068498, 
11.05, -19.15642246345888, 
11.06, -18.91534763337545, 
11.07, -18.672691358770262, 
11.08, -18.430936794176514, 
11.09, -18.192403256244788, 
11.1, -17.95912314604838, 
11.11, -17.732752969832383, 
11.120000000000001, -17.51452629103264, 
11.13, -17.305248338023723, 
11.14, -17.105325114407368, 
11.15, -16.914816482260942, 
11.16, -16.733502048033962, 
11.17, -16.56095026608262, 
11.18, -16.396583863735053, 
11.19, -16.23973743202778, 
11.200000000000001, -16.089705350350272, 
11.21, -15.945779874215802, 
11.22, -15.80728021983396, 
11.23, -15.673573970822565, 
11.24, -15.544092266109969, 
11.25, -15.418340135993084, 
11.26, -15.295903150220397, 
11.27, -15.176451293400595, 
11.28, -15.059740733274747, 
11.290000000000001, -14.94561392295207, 
11.3, -14.833998288721286, 
11.31, -14.724903609091012, 
11.32, -14.618418091391467, 
11.33, -14.514703086622827, 
11.34, -14.41398642441101, 
11.35, -14.31655420385982, 
11.36, -14.222741234638926, 
11.370000000000001, -14.13292010250996, 
11.38, -14.04748908132536, 
11.39, -13.966859197981695, 
11.4, -13.891440806306512, 
11.41, -13.821630091582955, 
11.42, -13.757795945599382, 
11.43, -13.70026765968377, 
11.44, -13.649323828525194, 
11.450000000000001, -13.605182787211524, 
11.46, -13.56799483943035, 
11.47, -13.537836412056334, 
11.48, -13.514706214275174, 
11.49, -13.498523381580556, 
11.5, -13.489127518282983, 
11.51, -13.486280501223883, 
11.52, -13.489669867689873, 
11.53, -13.49891357669792, 
11.540000000000001, -13.513565920304048, 
11.55, -13.533124338055602, 
11.56, -13.557036884571776, 
11.57, -13.584710093575506, 
11.58, -13.615516984581058, 
11.59, -13.648804966926473, 
11.6, -13.683903413227293, 
11.61, -13.720130701538436, 
11.620000000000001, -13.75680056204956, 
11.63, -13.793227609506799, 
11.64, -13.828731991699835, 
11.65, -13.862643140410091, 
11.66, -13.89430266341105, 
11.67, -13.923066467852678, 
11.68, -13.948306249705926, 
11.69, -13.969410522096736, 
11.700000000000001, -13.985785384416259, 
11.71, -13.996855255743522, 
11.72, -14.00206381009517, 
11.73, -14.00087535849794, 
11.74, -13.992776924066513, 
11.75, -13.977281254264634, 
11.76, -13.95393099350451, 
11.77, -13.922304230702068, 
11.78, -13.88202158281316, 
11.790000000000001, -13.832754917331153, 
11.8, -13.774237724145092, 
11.81, -13.706277005137617, 
11.82, -13.628766366039153, 
11.83, -13.541699754255923, 
11.84, -13.445185016346759, 
11.85, -13.339456143255472, 
11.86, -13.224882820865815, 
11.870000000000001, -13.101975691942371, 
11.88, -12.97138574844783, 
11.89, -12.833896489171982, 
11.9, -12.690407950435466, 
11.91, -12.541912507301225, 
11.92, -12.389463264574061, 
11.93, -12.234136873250375, 
11.94, -12.076993420291934, 
11.950000000000001, -11.919036527613217, 
11.96, -11.761176819747531, 
11.97, -11.604201522704344, 
11.98, -11.448752103205491, 
11.99, -11.295310848974792, 
12.0, -11.144196273656098, 
12.01, -10.99556637192985, 
12.02, -10.849428218185377, 
12.030000000000001, -10.705652100555183, 
12.040000000000001, -10.563988433059487, 
12.05, -10.424085900762861, 
12.06, -10.285509647996975, 
12.07, -10.14775870303111, 
12.08, -10.010282236705004, 
12.09, -9.872494590620747, 
12.1, -9.73378930789465, 
12.11, -9.593552626396392, 
12.120000000000001, -9.451177066041184, 
12.13, -9.306075849470743, 
12.14, -9.157698935856336, 
12.15, -9.005551408357581, 
12.16, -8.849214811319342, 
12.17, -8.688371752061707, 
12.18, -8.522833639947287, 
12.19, -8.352570797998787, 
12.200000000000001, -8.177743401492616, 
12.21, -7.998730733906479, 
12.22, -7.816155465165085, 
12.23, -7.630898980616568, 
12.24, -7.444103730492545, 
12.25, -7.257159285089493, 
12.26, -7.071670350062554, 
12.27, -6.889407346219415, 
12.280000000000001, -6.712242861199377, 
12.290000000000001, -6.542079669136523, 
12.3, -6.380777483067594, 
12.31, -6.230085738588618, 
12.32, -6.09158839735855, 
12.33, -5.966664501773927, 
12.34, -5.856465513561821, 
12.35, -5.761908055722078, 
12.36, -5.683678975717189, 
12.370000000000001, -5.6222487744411, 
12.38, -5.577889409763974, 
12.39, -5.5506929986846885, 
12.4, -5.540588771990903, 
12.41, -5.547356584063961, 
12.42, -5.570636182638389, 
12.43, -5.609932253137857, 
12.44, -5.664615944406864, 
12.450000000000001, -5.7339241853929295, 
12.46, -5.816958489470655, 
12.47, -5.912685304908222, 
12.48, -6.01994001226403, 
12.49, -6.137436512409905, 
12.5, -6.263783812355859, 
12.51, -6.397510230531651, 
12.52, -6.537094763900366, 
12.530000000000001, -6.681004043711518, 
12.540000000000001, -6.827732293824054, 
12.55, -6.975841061437499, 
12.56, -7.123995359996217, 
12.57, -7.270993268757529, 
12.58, -7.415786873149469, 
12.59, -7.5574935498945655, 
12.6, -7.695397735096512, 
12.61, -7.828944248344527, 
12.620000000000001, -7.957724891025703, 
12.63, -8.081460335172446, 
12.64, -8.199979323366511, 
12.65, -8.313196937285808, 
12.66, -8.421093369256779, 
12.67, -8.523694198008277, 
12.68, -8.621052827439318, 
12.69, -8.71323541620117, 
12.700000000000001, -8.800308349307263, 
12.71, -8.882328204607267, 
12.72, -8.959333993078529, 
12.73, -9.031341421935386, 
12.74, -9.09833890642425, 
12.75, -9.16028505372604, 
12.76, -9.217107364863377, 
12.77, -9.268701911349812, 
12.780000000000001, -9.314933773012203, 
12.790000000000001, -9.355638057073902, 
12.8, -9.390621306254836, 
12.81, -9.419663164308123, 
12.82, -9.442518140671805, 
12.83, -9.458917357570796, 
12.84, -9.468570159469152, 
12.85, -9.47116549359065, 
12.86, -9.466372984271201, 
12.870000000000001, -9.453843643084033, 
12.88, -9.433210229610914, 
12.89, -9.404087262651387, 
12.9, -9.366070831103213, 
12.91, -9.318738394932447, 
12.92, -9.261648878649801, 
12.93, -9.194343544704694, 
12.94, -9.116348264896796, 
12.950000000000001, -9.027178065791233, 
12.96, -8.926345018706824, 
12.97, -8.813370751830352, 
12.98, -8.687805062197693, 
12.99, -8.549252137397334, 
13.0, -8.397405630624986, 
13.01, -8.232093166072092, 
13.02, -8.053329901515733, 
13.030000000000001, -7.861378279441815, 
13.040000000000001, -7.656809172719092, 
13.05, -7.440556236851836, 
13.06, -7.213952893218406, 
13.07, -6.978740299670827, 
13.08, -6.737036282130167, 
13.09, -6.491260373741528, 
13.1, -6.2440181670245565, 
13.11, -5.9979573018091905, 
13.120000000000001, -5.755614617447695, 
13.13, -5.519276622560792, 
13.14, -5.290872225106312, 
13.15, -5.071909103407219, 
13.16, -4.863455767417129, 
13.17, -4.666163265419593, 
13.18, -4.480315602549281, 
13.19, -4.305896513549917, 
13.200000000000001, -4.1426615438428955, 
13.21, -3.9902071960373844, 
13.22, -3.8480319171916735, 
13.23, -3.7155865955626357, 
13.24, -3.592313905270352, 
13.25, -3.4776773546342676, 
13.26, -3.3711813944890214, 
13.27, -3.272384188020108, 
13.280000000000001, -3.180904578907038, 
13.290000000000001, -3.0964246714930943, 
13.3, -3.0186891839402783, 
13.31, -2.947502489390468, 
13.32, -2.8827240957042144, 
13.33, -2.8242631322274785, 
13.34, -2.7720722808256975, 
13.35, -2.726141488790707, 
13.36, -2.6864917290755734, 
13.370000000000001, -2.6531690144578235, 
13.38, -2.626238833536101, 
13.39, -2.605781144632699, 
13.4, -2.5918860377301454, 
13.41, -2.5846501516403313, 
13.42, -2.584173915305481, 
13.43, -2.5905596473821277, 
13.44, -2.603910542942935, 
13.450000000000001, -2.6243305330356907, 
13.46, -2.651924979433172, 
13.47, -2.6868021329598215, 
13.48, -2.729075244016827, 
13.49, -2.7788651703020606, 
13.5, -2.8363032772829615, 
13.51, -2.901534364767629, 
13.52, -2.974719278877635, 
13.530000000000001, -3.056036792070794, 
13.540000000000001, -3.1456842322642227, 
13.55, -3.243876238637591, 
13.56, -3.3508409029157264, 
13.57, -3.4668124194251178, 
13.58, -3.5920193700182166, 
13.59, -3.726667639833869, 
13.6, -3.8709171342700945, 
13.61, -4.0248517483422726, 
13.620000000000001, -4.188442610228548, 
13.63, -4.361505536544312, 
13.64, -4.543654918350043, 
13.65, -4.734257903328308, 
13.66, -4.932394362339172, 
13.67, -5.136829479619416, 
13.68, -5.346006134373053, 
13.69, -5.558063107703749, 
13.700000000000001, -5.770882123532006, 
13.71, -5.982162269515165, 
13.72, -6.189515069960579, 
13.73, -6.390569237057967, 
13.74, -6.583071973956079, 
13.75, -6.7649745391793354, 
13.76, -6.934493278603414, 
13.77, -7.09014229043202, 
13.780000000000001, -7.2307388998548605, 
13.790000000000001, -7.355386849633675, 
13.8, -7.463444122442964, 
13.81, -7.554482561040247, 
13.82, -7.628245529372252, 
13.83, -7.684608331114203, 
13.84, -7.723544479425611, 
13.85, -7.745099549459318, 
13.86, -7.749373305772274, 
13.870000000000001, -7.736510165303099, 
13.88, -7.706697655129552, 
13.89, -7.6601723041079, 
13.9, -7.597232239688895, 
13.91, -7.51825552159088, 
13.92, -7.42372288664121, 
13.93, -7.314243041198295, 
13.94, -7.190577964043316, 
13.950000000000001, -7.053664958880751, 
13.96, -6.904631602331195, 
13.97, -6.744799545154319, 
13.98, -6.575673586003044, 
13.99, -6.398913751013944, 
14.0, -6.216290265180895, 
14.01, -6.0296239456337775, 
14.02, -5.8407171947413525, 
14.030000000000001, -5.651282663790028, 
14.040000000000001, -5.462877264018987, 
14.05, -5.276848361588905, 
14.06, -5.094296876170457, 
14.07, -4.916059200063315, 
14.08, -4.742707305316864, 
14.09, -4.574564014204183, 
14.1, -4.411729495825119, 
14.11, -4.2541145798817785, 
14.120000000000001, -4.10147694363889, 
14.13, -3.953457071754245, 
14.14, -3.809611814173389, 
14.15, -3.669444315008912, 
14.16, -3.5324298188906895, 
14.17, -3.398037417084895, 
14.18, -3.2657481553685836, 
14.19, -3.135070101054949, 
14.200000000000001, -3.0055510385780497, 
14.21, -2.8767894353735093, 
14.22, -2.7484442212431843, 
14.23, -2.620243798918257, 
14.24, -2.4919945274375497, 
14.25, -2.363588748065671, 
14.26, -2.2350122252672158, 
14.27, -2.106350688148849, 
14.280000000000001, -1.9777949922119182, 
14.290000000000001, -1.8496442876949888, 
14.3, -1.722306515695854, 
14.31, -1.5962955674711228, 
14.32, -1.4722245551553728, 
14.33, -1.350794862030156, 
14.34, -1.2327809466414668, 
14.35, -1.1190112340825493, 
14.36, -1.0103458100826235, 
14.370000000000001, -0.9076519423061922, 
14.38, -0.811778685133442, 
14.39, -0.7235318949028952, 
14.4, -0.6436509158643835, 
14.41, -0.5727879890148438, 
14.42, -0.5114911398784345, 
14.43, -0.4601909667709085, 
14.44, -0.4191914331353713, 
14.450000000000001, -0.3886644916199551, 
14.46, -0.36864822081855636, 
14.47, -0.3590480308680069, 
14.48, -0.3596405093880776, 
14.49, -0.3700795038049446, 
14.5, -0.3899041156657392, 
14.51, -0.4185483505535118, 
14.52, -0.45535221820941474, 
14.530000000000001, -0.499574097772, 
14.540000000000001, -0.5504041618498862, 
14.55, -0.6069786068911742, 
14.56, -0.6683943558776544, 
14.57, -0.7337238370087764, 
14.58, -0.8020293670953702, 
14.59, -0.8723766540168454, 
14.6, -0.9438469355991342, 
14.61, -1.01554734159038, 
14.620000000000001, -1.0866191611940599, 
14.63, -1.1562438353906228, 
14.64, -1.223646635256429, 
14.65, -1.2880981324315626, 
14.66, -1.3489136910268102, 
14.67, -1.4054513071674881, 
14.68, -1.4571081853102215, 
14.69, -1.5033164706074829, 
14.700000000000001, -1.543538558637536, 
14.71, -1.577262384390423, 
14.72, -1.6039970606041802, 
14.73, -1.6232691958897059, 
14.74, -1.6346201948033732, 
14.75, -1.6376048022572498, 
14.76, -1.6317911434884869, 
14.77, -1.6167624949496997, 
14.780000000000001, -1.5921210154890955, 
14.790000000000001, -1.5574936589498167, 
14.8, -1.5125404679456, 
14.81, -1.456965402980521, 
14.82, -1.3905297675442638, 
14.83, -1.3130681324476052, 
14.84, -1.2245064203912661, 
14.85, -1.1248814699867722, 
14.86, -1.014360971245963, 
14.870000000000001, -0.8932621653198332, 
14.88, -0.7620672101747155, 
14.89, -0.621432784744901, 
14.9, -0.4721913093366073, 
14.91, -0.3153415576379087, 
14.92, -0.15202719060033087, 
14.93, 0.016497036192323317, 
14.94, 0.18890985367676985, 
14.950000000000001, 0.3638758499631631, 
14.96, 0.5401011152306666, 
14.97, 0.7163871324357686, 
14.98, 0.8916779806118281, 
14.99, 1.0650970242456221, 
15.0, 1.2359707557239026, 
15.01, 1.4038393040792165, 
15.02, 1.5684546313370038, 
15.030000000000001, 1.7297686251058517, 
15.040000000000001, 1.8879138306595618, 
15.05, 2.043179649958026, 
15.06, 2.1959864843634422, 
15.07, 2.3468597394942767, 
15.08, 2.4964049580343524, 
15.09, 2.6452847109465925, 
15.1, 2.794197336778464, 
15.11, 2.9438571775849063, 
15.120000000000001, 3.0949756495614285, 
15.13, 3.248242282343962, 
15.14, 3.4043047772965096, 
15.15, 3.5637471650740813, 
15.16, 3.7270653203419544, 
15.17, 3.8946394308323, 
15.18, 4.066703552342031, 
15.19, 4.2433131332136025, 
15.200000000000001, 4.424312314376367, 
15.21, 4.609303881751382, 
15.22, 4.797625478493948, 
15.23, 4.988336671052208, 
15.24, 5.180220874549326, 
15.25, 5.371805561110757, 
15.26, 5.56140191131541, 
15.27, 5.747162473847247, 
15.280000000000001, 5.9271523837033575, 
15.290000000000001, 6.0994272805970216, 
15.3, 6.262109942763701, 
15.31, 6.413457889612318, 
15.32, 6.551916237292239, 
15.33, 6.676152779738684, 
15.34, 6.785075115545808, 
15.35, 6.87783217277607, 
15.36, 6.953803986569404, 
15.370000000000001, 7.012584140038923, 
15.38, 7.0539591133194115, 
15.39, 7.077887953945763, 
15.4, 7.084484824571228, 
15.41, 7.074005876233169, 
15.42, 7.046841035906048, 
15.43, 7.003510473733992, 
15.44, 6.944664841870035, 
15.450000000000001, 6.871087819993162, 
15.46, 6.783699043454239, 
15.47, 6.683555228927413, 
15.48, 6.571847189981443, 
15.49, 6.4498906755001135, 
15.5, 6.319109495150547, 
15.51, 6.181010319557678, 
15.52, 6.037149670004202, 
15.530000000000001, 5.889094870846423, 
15.540000000000001, 5.73838182583627, 
15.55, 5.586473149039561, 
15.56, 5.434720300902999, 
15.57, 5.284332895426475, 
15.58, 5.13635741035273, 
15.59, 4.991666165896979, 
15.6, 4.850956522195204, 
15.610000000000001, 4.714758791475279, 
15.620000000000001, 4.583451143715098, 
15.63, 4.457279201323138, 
15.64, 4.336378218313961, 
15.65, 4.220795975125533, 
15.66, 4.110514933258947, 
15.67, 4.005472624878855, 
15.68, 3.9055796596004, 
15.69, 3.8107350478164657, 
15.700000000000001, 3.7208388173464146, 
15.71, 3.63580202715584, 
15.72, 3.555554429517247, 
15.73, 3.4800500470105593, 
15.74, 3.4092709547037385, 
15.75, 3.3432295727525934, 
15.76, 3.281969709107833, 
15.77, 3.2255666119067254, 
15.780000000000001, 3.174126227992529, 
15.790000000000001, 3.1277838598286194, 
15.8, 3.0867023857550313, 
15.81, 3.051070191211616, 
15.82, 3.0210989498357743, 
15.83, 2.997021381371503, 
15.84, 2.979089102447807, 
15.85, 2.9675706828720894, 
15.860000000000001, 2.9627500063836263, 
15.870000000000001, 2.9649250209939506, 
15.88, 2.9744069447249912, 
15.89, 2.991519964610214, 
15.9, 3.016601429159953, 
15.91, 3.050002483452692, 
15.92, 3.0920890288540015, 
15.93, 3.143242802075926, 
15.94, 3.2038622569173576, 
15.950000000000001, 3.2743627930802397, 
15.96, 3.355175705175701, 
15.97, 3.4467450431066777, 
15.98, 3.5495213028275665, 
15.99, 3.663950744490729, 
16.0, 3.7904588644280115, 
16.01, 3.929426532266852, 
16.02, 4.081157469768954, 
16.03, 4.245836245392623, 
16.04, 4.423477016385593, 
16.05, 4.613865022645963, 
16.06, 4.816495150017822, 
16.07, 5.030514839050062, 
16.080000000000002, 5.2546812200953905, 
16.09, 5.487343865623499, 
16.1, 5.726463756985157, 
16.11, 5.969674826157369, 
16.12, 6.214387224446005, 
16.13, 6.457922497812002, 
16.14, 6.697663010622384, 
16.15, 6.931194314826075, 
16.16, 7.1564204245533904, 
16.17, 7.371638688730934, 
16.18, 7.575569795681931, 
16.19, 7.767346860877513, 
16.2, 7.946473321398398, 
16.21, 8.112761558631762, 
16.22, 8.266263571444252, 
16.23, 8.407202566352112, 
16.240000000000002, 8.535911343170564, 
16.25, 8.652780482672847, 
16.26, 8.758217339423169, 
16.27, 8.852615315985547, 
16.28, 8.93633217576289, 
16.29, 9.009675809918742, 
16.3, 9.072895851142732, 
16.31, 9.126179666206653, 
16.32, 9.169651496361775, 
16.330000000000002, 9.203373674202886, 
16.34, 9.22734916539289, 
16.35, 9.241524788639873, 
16.36, 9.245794700099506, 
16.37, 9.240003850029595, 
16.38, 9.223951273793041, 
16.39, 9.197393217814096, 
16.4, 9.160046237619271, 
16.41, 9.11159057108582, 
16.42, 9.051674262389595, 
16.43, 8.97991871780478, 
16.44, 8.895926573230245, 
16.45, 8.799293044776158, 
16.46, 8.689622030715588, 
16.47, 8.566548436227142, 
16.48, 8.429768116573328, 
16.490000000000002, 8.279076451779305, 
16.5, 8.114415771388657, 
16.51, 7.935930413920731, 
16.52, 7.744026105518595, 
16.53, 7.539427669646983, 
16.54, 7.323226323471027, 
16.55, 7.096905733722339, 
16.56, 6.862336082697402, 
16.57, 6.621727789068642, 
16.580000000000002, 6.377543040859297, 
16.59, 6.13237132488604, 
16.6, 5.888783766579528, 
16.61, 5.649186509990326, 
16.62, 5.415694003550147, 
16.63, 5.190038334865059, 
16.64, 4.973522500560004, 
16.65, 4.767016901681687, 
16.66, 4.570991190127225, 
16.67, 4.385570198391708, 
16.68, 4.210602232062579, 
16.69, 4.045729789702727, 
16.7, 3.890455680436969, 
16.71, 3.7442003939562736, 
16.72, 3.60634897483769, 
16.73, 3.4762873365076037, 
16.740000000000002, 3.353428949616299, 
16.75, 3.2372333181783204, 
16.76, 3.127217773660373, 
16.77, 3.022964026573111, 
16.78, 2.92412072138265, 
16.79, 2.8304030105485647, 
16.8, 2.7415899499612157, 
16.81, 2.657520323189523, 
16.82, 2.578087350936186, 
16.830000000000002, 2.5032326237225258, 
16.84, 2.432939510120549, 
16.85, 2.3672262363543015, 
16.86, 2.306138793142045, 
16.87, 2.2497438057164465, 
16.88, 2.1981214896048957, 
16.89, 2.151358808754896, 
16.9, 2.1095429494922002, 
16.91, 2.0727552185214217, 
16.92, 2.0410654654372027, 
16.93, 2.0145271237196787, 
16.94, 1.9931729465074062, 
16.95, 1.9770114989081569, 
16.96, 1.9660244475250264, 
16.97, 1.9601646652896831, 
16.98, 1.9593551465136505, 
16.990000000000002, 1.9634887042891733, 
17.0, 1.9724283992666, 
17.01, 1.9860086293562897, 
17.02, 2.0040367913670036, 
17.03, 2.026295413624618, 
17.04, 2.0525446468567754, 
17.05, 2.082524997244388, 
17.06, 2.115960183819417, 
17.07, 2.1525600060242898, 
17.080000000000002, 2.192023116923024, 
17.09, 2.2340396076850153, 
17.1, 2.2782933276205277, 
17.11, 2.324463875727318, 
17.12, 2.37222822145624, 
17.13, 2.421261933288009, 
17.14, 2.4712400117205835, 
17.150000000000002, 2.5218373345798883, 
17.16, 2.572728746949563, 
17.17, 2.6235888340675775, 
17.18, 2.674091427741799, 
17.19, 2.723908901909686, 
17.2, 2.7727113199932316, 
17.21, 2.8201654931097653, 
17.22, 2.8659340070120156, 
17.23, 2.909674271480285, 
17.240000000000002, 2.9510376382192325, 
17.25, 2.9896686208410417, 
17.26, 3.0252042418956084, 
17.27, 3.0572735174082193, 
17.28, 3.085497076023076, 
17.29, 3.109486896447969, 
17.3, 3.1288461332949584, 
17.31, 3.143168989991928, 
17.32, 3.1520405883363187, 
17.330000000000002, 3.15503678421358, 
17.34, 3.1517238748982734, 
17.35, 3.1416581580248892, 
17.36, 3.1243853198397185, 
17.37, 3.0994396658954195, 
17.38, 3.0663432568972264, 
17.39, 3.024605083371154, 
17.400000000000002, 2.973720506693065, 
17.41, 2.9131713260344303, 
17.42, 2.8424269752356808, 
17.43, 2.760947556343339, 
17.44, 2.6681896274042276, 
17.45, 2.563615891923736, 
17.46, 2.4467101419623414, 
17.47, 2.3169989278904084, 
17.48, 2.1740813719305354, 
17.490000000000002, 2.0176681426406824, 
17.5, 1.847629771630592, 
17.51, 1.6640529652107097, 
17.52, 1.4673012919542516, 
17.53, 1.2580739254939675, 
17.54, 1.0374531121939643, 
17.55, 0.8069290544304863, 
17.56, 0.568390898936903, 
17.57, 0.32407555272771027, 
17.580000000000002, 0.07647287690475947, 
17.59, -0.17180559682647067, 
17.6, -0.4181783565969417, 
17.61, -0.6602445723910472, 
17.62, -0.8959122072239402, 
17.63, -1.1234874455371477, 
17.64, -1.3417181010178074, 
17.650000000000002, -1.5497928435311177, 
17.66, -1.747304897359652, 
17.67, -1.9341922500015887, 
17.68, -2.1106664878362134, 
17.69, -2.2771402245943673, 
17.7, -2.434160036490236, 
17.71, -2.5823488368849215, 
17.72, -2.7223591426220737, 
17.73, -2.8548371598052316, 
17.740000000000002, -2.9803965663178156, 
17.75, -3.099600481805928, 
17.76, -3.212950035095334, 
17.77, -3.320878071944165, 
17.78, -3.4237467570272138, 
17.79, -3.521848068978031, 
17.8, -3.6154064140335, 
17.81, -3.7045827816702066, 
17.82, -3.7894800153976287, 
17.830000000000002, -3.870148900196062, 
17.84, -3.94659483689758, 
17.85, -4.018784928670983, 
17.86, -4.086655355492948, 
17.87, -4.1501189020876055, 
17.88, -4.209072526503189, 
17.89, -4.263404848010302, 
17.900000000000002, -4.313003428255615, 
17.91, -4.357761726210687, 
17.92, -4.397585596807341, 
17.93, -4.4323992201649025, 
17.94, -4.462150355701241, 
17.95, -4.4868148291368435, 
17.96, -4.5064001881789935, 
17.97, -4.5209484836970395, 
17.98, -4.530538161907994, 
17.990000000000002, -4.535285075205749, 
18.0, -4.535342658958956, 
18.01, -4.530901329407108, 
18.02, -4.522187191236725, 
18.03, -4.509460158329999, 
18.04, -4.493011603883082, 
18.05, -4.473161664123343, 
18.06, -4.4502563277436815, 
18.07, -4.424664437029404, 
18.080000000000002, -4.3967747203849035, 
18.09, -4.366992967204285, 
18.1, -4.3357394386641115, 
18.11, -4.303446595772295, 
18.12, -4.270557187712111, 
18.13, -4.237522753078848, 
18.14, -4.204802532255103, 
18.150000000000002, -4.172862792300799, 
18.16, -4.142176535873017, 
18.17, -4.113223554922408, 
18.18, -4.0864907708209985, 
18.19, -4.062472800632278, 
18.2, -4.041672675311088, 
18.21, -4.024602627855405, 
18.22, -4.0117848672845975, 
18.23, -4.003752245948463, 
18.240000000000002, -4.001048716105842, 
18.25, -4.0042294621396755, 
18.26, -4.013860563079715, 
18.27, -4.03051802896392, 
18.28, -4.054785990977682, 
18.29, -4.087253790132346, 
18.3, -4.128511635765529, 
18.31, -4.179144433529401, 
18.32, -4.239723308194987, 
18.330000000000002, -4.310794288318726, 
18.34, -4.392863579909449, 
18.35, -4.486378922238883, 
18.36, -4.5917066628729835, 
18.37, -4.7091045173120785, 
18.38, -4.838690554217008, 
18.39, -4.980409738175393, 
18.400000000000002, -5.1340004347931965, 
18.41, -5.298964450769423, 
18.42, -5.474545268166984, 
18.43, -5.659719779140603, 
18.44, -5.853208453795897, 
18.45, -6.053507644346535, 
18.46, -6.258944736419488, 
18.47, -6.467753364363183, 
18.48, -6.678162057647253, 
18.490000000000002, -6.888486850937849, 
18.5, -7.097217421752192, 
18.51, -7.303087337242784, 
18.52, -7.505122080541441, 
18.53, -7.702662376432647, 
18.54, -7.895364106195446, 
18.55, -8.083178951541882, 
18.56, -8.266321267910584, 
18.57, -8.445226908675025, 
18.580000000000002, -8.620508883423172, 
18.59, -8.792913436116597, 
18.6, -8.963278748456185, 
18.61, -9.132497065554515, 
18.62, -9.301480223519611, 
18.63, -9.471127690304385, 
18.64, -9.642295925625776, 
18.650000000000002, -9.815767726032147, 
18.66, -9.992220373844992, 
18.67, -10.172191830823401, 
18.68, -10.356044886259252, 
18.69, -10.543930245699642, 
18.7, -10.735750432196616, 
18.71, -10.931128013126198, 
18.72, -11.129382380118475, 
18.73, -11.329520127743821, 
18.740000000000002, -11.530243559713405, 
18.75, -11.729980503802498, 
18.76, -11.926935896118, 
18.77, -12.119162243648393, 
18.78, -12.304642752132416, 
18.79, -12.481378509142788, 
18.8, -12.647470347301597, 
18.81, -12.801187294816293, 
18.82, -12.941016190571567, 
18.830000000000002, -13.065690481562322, 
18.84, -13.174199511102305, 
18.85, -13.265781973904494, 
18.86, -13.339908458616788, 
18.87, -13.396258176247276, 
18.88, -13.434694319531506, 
18.89, -13.455241528018778, 
18.900000000000002, -13.458067728380842, 
18.91, -13.44347156066375, 
18.92, -13.411875685107425, 
18.93, -13.363825465986974, 
18.94, -13.299991898621588, 
18.95, -13.221177089168268, 
18.96, -13.128320145607265, 
18.97, -13.022501003935297, 
18.98, -12.904939640377338, 
18.990000000000002, -12.776988293036837, 
19.0, -12.640114924240306, 
19.01, -12.495877155011076, 
19.02, -12.345887211650888, 
19.03, -12.191769855092302, 
19.04, -12.035116517687522, 
19.05, -11.877439668665682, 
19.06, -11.720131563596768, 
19.07, -11.56443096785735, 
19.080000000000002, -11.411400318071662, 
19.09, -11.261914364590384, 
19.1, -11.116659931091743, 
19.11, -10.976145297750517, 
19.12, -10.840716997841499, 
19.13, -10.710581547566768, 
19.14, -10.585829710455348, 
19.150000000000002, -10.466461302372903, 
19.16, -10.352408927780418, 
19.17, -10.24355963191414, 
19.18, -10.139773828574539, 
19.19, -10.040901259623556, 
19.2, -9.946793992099852, 
19.21, -9.857316626701225, 
19.22, -9.772354000605104, 
19.23, -9.691816699560121, 
19.240000000000002, -9.61564470615941, 
19.25, -9.543809489841433, 
19.26, -9.476314813976602, 
19.27, -9.413196502433808, 
19.28, -9.354521373439574, 
19.29, -9.300385519018635, 
19.3, -9.250912087545256, 
19.31, -9.206248705198119, 
19.32, -9.166564665548375, 
19.330000000000002, -9.13204799943099, 
19.34, -9.102902540221118, 
19.35, -9.079345096623994, 
19.36, -9.061602835038839, 
19.37, -9.049910975393335, 
19.38, -9.04451089643368, 
19.39, -9.045648734940345, 
19.400000000000002, -9.053574550186026, 
19.41, -9.068542106132089, 
19.42, -9.090809290853564, 
19.43, -9.120639163057435, 
19.44, -9.158301567599116, 
19.45, -9.20407520351999, 
19.46, -9.258249957359652, 
19.47, -9.321129225021034, 
19.48, -9.393031834224711, 
19.490000000000002, -9.474293047980797, 
19.5, -9.565263969738957, 
19.51, -9.666308501838527, 
19.52, -9.777796820220738, 
19.53, -9.900094087930835, 
19.54, -10.033543223877482, 
19.55, -10.178440256591248, 
19.56, -10.335001288306412, 
19.57, -10.503320579502764, 
19.580000000000002, -10.683320402361314, 
19.59, -10.874694985870791, 
19.6, -11.076853150714092, 
19.61, -11.288866680773006, 
19.62, -11.509433702541614, 
19.63, -11.73686722596955, 
19.64, -11.96911768182873, 
19.650000000000002, -12.20383413768457, 
19.66, -12.438462154018875, 
19.67, -12.67036856136334, 
19.68, -12.896977014306568, 
19.69, -13.115895456901717, 
19.7, -13.325018482870112, 
19.71, -13.522593484756934, 
19.72, -13.707247134048874, 
19.73, -13.877976072767881, 
19.740000000000002, -14.034110101384337, 
19.75, -14.175258431725574, 
19.76, -14.30124871250833, 
19.77, -14.412066568627335, 
19.78, -14.507800901935306, 
19.79, -14.588597508756752, 
19.8, -14.654622329110516, 
19.81, -14.706033644648672, 
19.82, -14.742962587751562, 
19.830000000000002, -14.765500615156224, 
19.84, -14.773692850807683, 
19.85, -14.767536336918731, 
19.86, -14.74698253493837, 
19.87, -14.711943752625157, 
19.88, -14.662303486120834, 
19.89, -14.597930959853185, 
19.900000000000002, -14.51870035038062, 
19.91, -14.424515271041416, 
19.92, -14.315338975549242, 
19.93, -14.19123035394186, 
19.94, -14.052385041287664, 
19.95, -13.899179793404643, 
19.96, -13.732216739781943, 
19.97, -13.55236239715455, 
19.98, -13.36077481434615, 
19.990000000000002, -13.158911475446883, 
